% time     seconds  usecs/call     calls    errors syscall
------ ----------- ----------- --------- --------- ------------------
 73.94    5.145412       45941       112        10 futex
 11.35    0.790113          70     11260           linkat
  2.82    0.196083          50      3908       250 openat
  2.44    0.169452         117      1443       167 mkdirat
  2.38    0.165414          45      3662           close
  1.90    0.132086          36      3647           getdents64
  1.17    0.081137          37      2154       398 statx
  0.88    0.061135          27      2204           read
  0.79    0.054901          30      1830           newfstatat
  0.41    0.028759          15      1898           write
  0.32    0.022404          74       302           renameat
  0.31    0.021342         183       116           madvise
  0.29    0.019923          45       442       301 unlinkat
  0.23    0.015996          60       266           copy_file_range
  0.19    0.013309           5      2387      2387 ioctl
  0.15    0.010289          33       308           lseek
  0.13    0.009379          78       119           epoll_pwait
  0.08    0.005680          19       291           sched_yield
  0.07    0.004747          35       134           fchmod
  0.05    0.003543          29       120           mmap
  0.02    0.001451          25        58           mprotect
  0.02    0.001233          39        31           fchmodat
  0.01    0.000803          61        13           clone
  0.01    0.000796          24        33           munmap
  0.01    0.000561          46        12           flock
  0.01    0.000523          10        49           rt_sigprocmask
  0.01    0.000505          13        38           sigaltstack
  0.00    0.000339           6        54        46 readlinkat
  0.00    0.000281          20        14           fcntl
  0.00    0.000235          11        21           sched_getaffinity
  0.00    0.000173          15        11           getrandom
  0.00    0.000141          10        14           set_robust_list
  0.00    0.000102          14         7           prctl
  0.00    0.000090           6        14           gettid
  0.00    0.000088           6        14           rseq
  0.00    0.000021          21         1           socketpair
  0.00    0.000019           3         6           rt_sigaction
  0.00    0.000018           6         3           getcwd
  0.00    0.000017          17         1           renameat2
  0.00    0.000015           3         4           prlimit64
  0.00    0.000012           6         2           epoll_ctl
  0.00    0.000010          10         1           epoll_create1
  0.00    0.000008           2         3           brk
  0.00    0.000006           6         1           eventfd2
  0.00    0.000006           3         2           uname
  0.00    0.000005           5         1           ppoll
  0.00    0.000003           3         1           set_tid_address
  0.00    0.000000           0         1         1 faccessat
  0.00    0.000000           0         1           execve
------ ----------- ----------- --------- --------- ------------------
100.00    6.958565         187     37014      3560 total
