% time     seconds  usecs/call     calls    errors syscall
------ ----------- ----------- --------- --------- ----------------
 51.86    4.984099        1882      2648       503 futex
 19.23    1.847638       71063        26           wait4
  6.59    0.633120           3    165832     33366 newfstatat
  5.09    0.489161          11     42490      3318 openat
  4.58    0.440096          17     24811           write
  3.72    0.357796           5     62893       471 read
  1.63    0.156327           1     98113        95 lseek
  1.27    0.122207           3     40536           close
  1.15    0.110781          10     10232      6162 mkdirat
  1.02    0.097929          27      3603           unlinkat
  0.98    0.094011          11      7953           renameat
  0.73    0.069964          65      1070           fsync
  0.60    0.057871           1     35358     33044 ioctl
  0.43    0.041706          12      3217           munmap
  0.29    0.027902           7      3842           getdents64
  0.21    0.019950           4      4382           mmap
  0.07    0.007023           2      2590           getpid
  0.07    0.006600           2      2618           fcntl
  0.07    0.006581           5      1291           brk
  0.07    0.006385           4      1281           ppoll
  0.06    0.006245           4      1304           mprotect
  0.05    0.005021           9       555           fchmodat
  0.05    0.004793           6       796           fchmod
  0.03    0.003316           1      2796           rt_sigaction
  0.02    0.002255          29        77        55 execve
  0.01    0.001363           3       366       203 readlinkat
  0.01    0.001276           9       132           sendfile
  0.01    0.001207           5       209           utimensat
  0.01    0.001130          24        46           clone
  0.01    0.001018           1       549           getcwd
  0.01    0.000775           8        95           fchownat
  0.01    0.000670           1       550           umask
  0.01    0.000556          10        52        20 connect
  0.00    0.000447           4        99           getrandom
  0.00    0.000322          80         4           sendmmsg
  0.00    0.000306           4        68           pipe2
  0.00    0.000304           1       194           rt_sigprocmask
  0.00    0.000299           4        74           listxattr
  0.00    0.000205           2       100           geteuid
  0.00    0.000193           1       102           uname
  0.00    0.000174           6        29           socket
  0.00    0.000163           1        94           gettid
  0.00    0.000114           2        42           rseq
  0.00    0.000098           3        25           mremap
  0.00    0.000086           1        52           close_range
  0.00    0.000083           3        22        22 faccessat
  0.00    0.000078           4        17           epoll_create1
  0.00    0.000073           3        22           prlimit64
  0.00    0.000065           1        42           set_robust_list
  0.00    0.000064           3        20           madvise
  0.00    0.000060           3        17           sysinfo
  0.00    0.000054           2        20           getsockname
  0.00    0.000045           2        22           set_tid_address
  0.00    0.000041           5         8           getsockopt
  0.00    0.000038           0        68           dup3
  0.00    0.000034           3         9           bind
  0.00    0.000029           3         8           setsockopt
  0.00    0.000028           7         4           sendto
  0.00    0.000026           3         8           recvmsg
  0.00    0.000024           3         8           recvfrom
  0.00    0.000013           1        12           chdir
  0.00    0.000006           1         4           getpeername
------ ----------- ----------- --------- --------- ----------------
100.00    9.610244          18    523507     77259 total
