% time     seconds  usecs/call     calls    errors syscall
------ ----------- ----------- --------- --------- ----------------
 72.62    4.559064        1978      2304       569 futex
  7.54    0.473108           4    114207     26369 newfstatat
  6.07    0.381049          13     28823       146 openat
  4.26    0.267209          13     19577           write
  2.19    0.137322           4     30610           read
  2.02    0.126686           1     76657         3 lseek
  1.31    0.082313           2     28955           close
  1.11    0.069881           8      7904      5674 mkdirat
  1.05    0.066061           9      6645           renameat
  0.68    0.042732           1     24740     24472 ioctl
  0.35    0.022081          33       650           unlinkat
  0.34    0.021150          79       266           fsync
  0.13    0.008396          12       654           munmap
  0.07    0.004488           6       702           getdents64
  0.06    0.003843           8       429           fchmodat
  0.04    0.002764           3       780           mmap
  0.03    0.002050        1025         2           wait4
  0.03    0.001870           7       244           brk
  0.03    0.001806           2       792           fcntl
  0.02    0.001334           1       942           getpid
  0.01    0.000637           1       534           umask
  0.01    0.000438           4        94           mprotect
  0.01    0.000395          30        13        11 execve
  0.01    0.000381           1       195           rt_sigaction
  0.00    0.000163           0       269           getcwd
  0.00    0.000149           2        58         7 readlinkat
  0.00    0.000088          29         3           clone
  0.00    0.000036           2        13           rt_sigprocmask
  0.00    0.000030          30         1           madvise
  0.00    0.000025           3         7           getrandom
  0.00    0.000015           5         3           set_robust_list
  0.00    0.000014           7         2         2 faccessat
  0.00    0.000013           4         3           rseq
  0.00    0.000012           2         5           gettid
  0.00    0.000012          12         1           bind
  0.00    0.000011           1         6           uname
  0.00    0.000009           4         2           prlimit64
  0.00    0.000007           3         2           set_tid_address
  0.00    0.000007           1         4           close_range
  0.00    0.000006           1         4           pipe2
  0.00    0.000006           6         1           sysinfo
  0.00    0.000003           3         1           epoll_create1
  0.00    0.000000           0         4           dup3
  0.00    0.000000           0         1           geteuid
  0.00    0.000000           0         1           socket
  0.00    0.000000           0         1           mremap
------ ----------- ----------- --------- --------- ----------------
100.00    6.277664          18    347111     57253 total
