% time     seconds  usecs/call     calls    errors syscall
------ ----------- ----------- --------- --------- ----------------
 40.46    2.658218        2706       982       112 futex
 26.62    1.748643       67255        26           wait4
  5.93    0.389287          21     18390           write
  5.63    0.369713           4     90643     20606 newfstatat
  5.52    0.362649          12     29730      3318 openat
  4.33    0.284269           5     50488       509 read
  2.12    0.138977           1     85353        95 lseek
  1.91    0.125673         117      1070           fsync
  1.38    0.090365           3     27776           close
  1.26    0.083006          23      3603           unlinkat
  1.25    0.082131          21      3853       503 mkdirat
  0.74    0.048548           1     28868     26555 ioctl
  0.66    0.043065          27      1574           renameat
  0.57    0.037121          11      3208           munmap
  0.36    0.023853           6      3842           getdents64
  0.29    0.019194           4      4373           mmap
  0.17    0.010921          19       555           fchmodat
  0.12    0.007830           5      1319           ppoll
  0.09    0.006151           4      1304           mprotect
  0.09    0.006062           2      2590           getpid
  0.09    0.005743           2      2618           fcntl
  0.08    0.005380           4      1148           brk
  0.07    0.004788           6       796           fchmod
  0.05    0.003441           1      2796           rt_sigaction
  0.04    0.002631          34        77        55 execve
  0.02    0.001400           3       366       203 readlinkat
  0.02    0.001254          27        46           clone
  0.02    0.001223           9       132           sendfile
  0.02    0.001072           5       209           utimensat
  0.01    0.000792           1       549           getcwd
  0.01    0.000776           1       550           umask
  0.01    0.000649           6        95           fchownat
  0.01    0.000598          11        52        20 connect
  0.01    0.000525           5       102           uname
  0.01    0.000470           4        99           getrandom
  0.01    0.000359           1       194           rt_sigprocmask
  0.00    0.000309           4        68           pipe2
  0.00    0.000297           4        74           listxattr
  0.00    0.000236          59         4           sendmmsg
  0.00    0.000230           7        29           socket
  0.00    0.000182           1       100           geteuid
  0.00    0.000154           1        94           gettid
  0.00    0.000102           5        20           madvise
  0.00    0.000093           3        25           mremap
  0.00    0.000091           2        42           rseq
  0.00    0.000091           1        52           close_range
  0.00    0.000085           3        22        22 faccessat
  0.00    0.000085           2        42           set_robust_list
  0.00    0.000083           4        17           epoll_create1
  0.00    0.000078           4        17           sysinfo
  0.00    0.000065           2        22           prlimit64
  0.00    0.000062          15         4           sendto
  0.00    0.000060           7         8           recvmsg
  0.00    0.000056           6         9           bind
  0.00    0.000054           2        22           set_tid_address
  0.00    0.000052           2        20           getsockname
  0.00    0.000033           4         8           recvfrom
  0.00    0.000023           2         8           setsockopt
  0.00    0.000022           2         8           getsockopt
  0.00    0.000021           0        68           dup3
  0.00    0.000010           0        12           chdir
  0.00    0.000000           0         4           getpeername
------ ----------- ----------- --------- --------- ----------------
100.00    6.569351          17    370175     51998 total
