% time     seconds  usecs/call     calls    errors syscall
------ ----------- ----------- --------- --------- ------------------
 94.54  166.912230       30835      5413       151 futex
  1.11    1.959053          76     25681      3522 openat
  1.07    1.889648          96     19549           write
  0.76    1.342930      103302        13           wait4
  0.62    1.093775          48     22557           close
  0.48    0.841313          66     12580           linkat
  0.26    0.465493         106      4371      1070 mkdirat
  0.25    0.440291          41     10700           recvfrom
  0.15    0.268760           9     28600      2381 newfstatat
  0.12    0.206244          96      2128           sched_yield
  0.10    0.177268          26      6657           getdents64
  0.06    0.109898         184       596           epoll_pwait
  0.06    0.106807          33      3144       560 statx
  0.05    0.094669          10      9033         1 read
  0.05    0.089877          27      3307       716 unlinkat
  0.04    0.066449          48      1367           renameat
  0.03    0.045844           7      6438      6307 ioctl
  0.03    0.045021          51       866       276 connect
  0.02    0.036729         184       199         1 madvise
  0.02    0.035812          61       578           writev
  0.02    0.030802           4      7426        26 lseek
  0.02    0.028380          14      1948           mmap
  0.01    0.020401         295        69           clone
  0.01    0.017511          47       370           copy_file_range
  0.01    0.016845          15      1092           munmap
  0.01    0.016271          15      1070           mprotect
  0.01    0.015946          90       177           ppoll
  0.01    0.014573         251        58           sendmmsg
  0.01    0.014472          49       292           socket
  0.01    0.013670          89       152           pread64
  0.01    0.012631          38       332           getsockname
  0.01    0.012512          45       276           rt_sigprocmask
  0.01    0.011727          78       150           symlinkat
  0.01    0.010437          15       667           brk
  0.01    0.009014          31       283           fchmodat
  0.00    0.008413          25       328           fchmod
  0.00    0.007588          50       150           sigaltstack
  0.00    0.006503          21       304           flock
  0.00    0.005381           5      1045           fcntl
  0.00    0.004956          12       406           setsockopt
  0.00    0.004940          42       116           recvmsg
  0.00    0.004012           1      2461           rt_sigaction
  0.00    0.003321          10       310       263 readlinkat
  0.00    0.003319          47        70           set_robust_list
  0.00    0.002703          46        58           sendto
  0.00    0.002591          31        83           gettid
  0.00    0.002577          44        58           bind
  0.00    0.002521          28        88           getrandom
  0.00    0.002144          33        64           sched_getaffinity
  0.00    0.002116          11       190           epoll_ctl
  0.00    0.002061          27        76           uname
  0.00    0.002031          14       143           renameat2
  0.00    0.001889          26        70           rseq
  0.00    0.001860           7       260           getpid
  0.00    0.001805         128        14           execve
  0.00    0.001794          36        49           prctl
  0.00    0.001430          10       132           sendfile
  0.00    0.001372         105        13           sysinfo
  0.00    0.001286           4       259           getcwd
  0.00    0.001207          21        56           shutdown
  0.00    0.001082           9       114           utimensat
  0.00    0.000766          29        26           pipe2
  0.00    0.000453           6        71           prlimit64
  0.00    0.000392           5        74           listxattr
  0.00    0.000373           6        58           getsockopt
  0.00    0.000226           3        58           getpeername
  0.00    0.000173          14        12           pidfd_open
  0.00    0.000162          11        14           epoll_create1
  0.00    0.000141           7        20           mremap
  0.00    0.000129          10        12           chdir
  0.00    0.000065           2        27           dup3
  0.00    0.000054           3        14        14 faccessat
  0.00    0.000040           2        14           set_tid_address
  0.00    0.000021          21         1           socketpair
  0.00    0.000006           6         1           eventfd2
------ ----------- ----------- --------- --------- ------------------
100.00  176.557206         952    185458     15288 total
