% time     seconds  usecs/call     calls    errors syscall
------ ----------- ----------- --------- --------- ----------------
 67.77    2.044516        4172       490       108 futex
  7.88    0.237807          14     16063       146 openat
  6.32    0.190678          14     13156           write
  5.80    0.174969           4     39018     13609 newfstatat
  3.38    0.102001           1     63897         3 lseek
  2.66    0.080361           4     18066           read
  1.62    0.048797           3     16195           close
  1.34    0.040279          26      1525        15 mkdirat
  1.01    0.030595           1     18214     17947 ioctl
  0.71    0.021406          32       650           unlinkat
  0.51    0.015347          57       266           fsync
  0.25    0.007402          11       648           munmap
  0.19    0.005820          21       266           renameat
  0.17    0.005155           7       702           getdents64
  0.12    0.003740           8       429           fchmodat
  0.07    0.002194           2       772           mmap
  0.07    0.001994           2       792           fcntl
  0.05    0.001410           1       942           getpid
  0.02    0.000693           1       534           umask
  0.01    0.000395           4        94           mprotect
  0.01    0.000324           1       269           getcwd
  0.01    0.000256           2       102           brk
  0.00    0.000135           2        58         7 readlinkat
  0.00    0.000109          36         3           clone
  0.00    0.000054           0       195           rt_sigaction
  0.00    0.000039           5         7           getrandom
  0.00    0.000028           2        13           rt_sigprocmask
  0.00    0.000023          23         1           socket
  0.00    0.000016           8         2           prlimit64
  0.00    0.000015          15         1           epoll_create1
  0.00    0.000015          15         1           bind
  0.00    0.000011           2         4           pipe2
  0.00    0.000011           3         3           set_robust_list
  0.00    0.000011           3         3           rseq
  0.00    0.000008           1         6           uname
  0.00    0.000007           1         5           gettid
  0.00    0.000007           7         1           madvise
  0.00    0.000005           2         2           wait4
  0.00    0.000003           1         2           set_tid_address
  0.00    0.000001           1         1           geteuid
  0.00    0.000000           0         4           dup3
  0.00    0.000000           0         2         2 faccessat
  0.00    0.000000           0         1           sysinfo
  0.00    0.000000           0         1           mremap
  0.00    0.000000           0        13        11 execve
  0.00    0.000000           0         4           close_range
------ ----------- ----------- --------- --------- ----------------
100.00    3.016637          15    193423     31848 total
