% time     seconds  usecs/call     calls    errors syscall
------ ----------- ----------- --------- --------- ----------------
 40.63    9.252328        5652      1637       396 futex
 24.13    5.496059      211386        26           wait4
  7.61    1.733548          24     71272      6958 read
  6.18    1.407793          15     91832     20714 newfstatat
  5.09    1.159431          13     85700        95 lseek
  3.24    0.738488          39     18547           write
  3.24    0.736867          24     29836      3352 openat
  2.31    0.526946         135      3887       506 mkdir
  1.86    0.423153          14     29060     26730 ioctl
  1.85    0.420551          15     27853           close
  0.80    0.182371          23      7774           poll
  0.47    0.106679          37      2865           unlinkat
  0.39    0.089903          17      4997           mmap
  0.36    0.080936          75      1078           fsync
  0.31    0.069629          18      3846           getdents64
  0.24    0.055792          28      1934           munmap
  0.20    0.045742          17      2605           getpid
  0.20    0.044604          28      1582           rename
  0.18    0.040821          15      2627           fcntl
  0.11    0.025657           9      2762           rt_sigaction
  0.07    0.015984          13      1173           brk
  0.06    0.013980          17       802           fchmod
  0.05    0.012523          18       676           mprotect
  0.05    0.011275          20       563           chmod
  0.05    0.010953          32       332           rmdir
  0.05    0.010655          25       414           unlink
  0.03    0.007219          12       564           umask
  0.03    0.006331          11       550           getcwd
  0.03    0.006283          17       366       203 readlink
  0.02    0.004250          20       209           utimensat
  0.01    0.003359          25       132           sendfile
  0.01    0.003252          42        77        55 execve
  0.01    0.002884          18       160           rt_sigprocmask
  0.01    0.002763         138        20           clone
  0.01    0.002176          83        26           vfork
  0.01    0.002121          21       100        32 connect
  0.01    0.002039          21        95           chown
  0.01    0.001940          20        94           gettid
  0.01    0.001546          15       100           geteuid
  0.01    0.001453          19        74           listxattr
  0.01    0.001444          14        99           getrandom
  0.01    0.001379          68        20           madvise
  0.01    0.001243          11       104           uname
  0.01    0.001185          28        42           set_robust_list
  0.00    0.001059          15        68           pipe2
  0.00    0.000821          19        42           rseq
  0.00    0.000562          12        44           pread64
  0.00    0.000516          17        29           socket
  0.00    0.000479          14        32           getsockname
  0.00    0.000452           8        52           close_range
  0.00    0.000410          20        20        20 clone3
  0.00    0.000333          15        22           prlimit64
  0.00    0.000295          17        17           sysinfo
  0.00    0.000280          12        22           arch_prctl
  0.00    0.000262          32         8           getsockopt
  0.00    0.000258          11        22           set_tid_address
  0.00    0.000222          13        17           epoll_create1
  0.00    0.000180           8        21           mremap
  0.00    0.000145          36         4           sendmmsg
  0.00    0.000130           5        22        22 access
  0.00    0.000129          16         8           recvmsg
  0.00    0.000127          14         9           bind
  0.00    0.000098          12         8           setsockopt
  0.00    0.000083           1        68           dup2
  0.00    0.000072          18         4           sendto
  0.00    0.000069           8         8           recvfrom
  0.00    0.000028           2        12           chdir
  0.00    0.000000           0         4           getpeername
------ ----------- ----------- --------- --------- ----------------
100.00   22.772545          57    399075     59083 total
