% time     seconds  usecs/call     calls    errors syscall
------ ----------- ----------- --------- --------- ----------------
 50.59   16.391957        5026      3261       878 futex
 17.26    5.592843      215109        26           wait4
  7.47    2.418875          14    167331     33528 newfstatat
  5.96    1.931083          22     85436      7351 read
  4.06    1.314106          13     98514        95 lseek
  3.06    0.991827          23     42650      3352 openat
  2.87    0.930520          37     24995           write
  2.27    0.736658          71     10293      6187 mkdir
  1.80    0.584739          14     40665           close
  1.51    0.489092          13     35634     33303 ioctl
  0.59    0.191650          23      8167           poll
  0.52    0.167688          20      7988           rename
  0.33    0.108501          37      2865           unlinkat
  0.28    0.091331          18      5007           mmap
  0.25    0.080011          74      1078           fsync
  0.23    0.074935          19      3846           getdents64
  0.17    0.054031          27      1941           munmap
  0.13    0.042591          16      2627           fcntl
  0.12    0.038811          14      2605           getpid
  0.09    0.029268          10      2762           rt_sigaction
  0.05    0.017334          12      1342           brk
  0.04    0.014000          17       802           fchmod
  0.04    0.013255          19       676           mprotect
  0.04    0.011736          35       332           rmdir
  0.03    0.010360          18       563           chmod
  0.03    0.010111          24       414           unlink
  0.02    0.007046          12       550           getcwd
  0.02    0.006915          18       366       203 readlink
  0.02    0.006298          11       564           umask
  0.01    0.004418          57        77        55 execve
  0.01    0.004216          20       209           utimensat
  0.01    0.003739         186        20           clone
  0.01    0.002814          17       160           rt_sigprocmask
  0.01    0.002690          20       132           sendfile
  0.01    0.002295          88        26           vfork
  0.01    0.002105          22        95           chown
  0.01    0.001858          17       104           uname
  0.01    0.001827          19        94           gettid
  0.01    0.001659          16        99           getrandom
  0.00    0.001597          15       102        32 connect
  0.00    0.001528          15       100           geteuid
  0.00    0.001303          31        42           rseq
  0.00    0.001258          17        74           listxattr
  0.00    0.001219          17        68           pipe2
  0.00    0.001149          27        42           set_robust_list
  0.00    0.001123          56        20           madvise
  0.00    0.000791          17        44           pread64
  0.00    0.000752          14        52           close_range
  0.00    0.000488          18        27           socket
  0.00    0.000373          16        22           arch_prctl
  0.00    0.000358          16        22           prlimit64
  0.00    0.000351          17        20        20 clone3
  0.00    0.000345          15        22           set_tid_address
  0.00    0.000320          18        17           sysinfo
  0.00    0.000311           9        32           getsockname
  0.00    0.000281          16        17           epoll_create1
  0.00    0.000254          12        21           mremap
  0.00    0.000228           3        68           dup2
  0.00    0.000223          24         9           bind
  0.00    0.000205           9        22        22 access
  0.00    0.000188          23         8           recvfrom
  0.00    0.000184          46         4           sendmmsg
  0.00    0.000100          12         8           setsockopt
  0.00    0.000097          12         8           getsockopt
  0.00    0.000093          11         8           recvmsg
  0.00    0.000061          15         4           sendto
  0.00    0.000025           2        12           chdir
  0.00    0.000012           3         4           getpeername
------ ----------- ----------- --------- --------- ----------------
100.00   32.400410          58    555215     85026 total
