% time     seconds  usecs/call     calls    errors syscall
------ ----------- ----------- --------- --------- ------------------
 97.15  514.759558       21822     23589       189 futex
  0.38    2.036694          78     25786      3554 openat
  0.31    1.652021          60     27499           epoll_wait
  0.31    1.634502         102     15877           write
  0.30    1.614056         366      4401      1080 mkdir
  0.26    1.368114          60     22636           close
  0.26    1.354730         107     12619           linkat
  0.24    1.277115       98239        13           wait4
  0.23    1.203182          44     27028           recvfrom
  0.09    0.450633          47      9419           sched_yield
  0.08    0.401469          60      6685           getdents64
  0.06    0.331127          11     28658      2406 newfstatat
  0.05    0.247138          77      3171       564 statx
  0.04    0.188987          95      1977         1 madvise
  0.03    0.156400          17      9117         1 read
  0.03    0.148992         116      1278       378 connect
  0.02    0.100578         515       195           poll
  0.02    0.090390          13      6468      6325 ioctl
  0.02    0.084900          61      1373           rename
  0.02    0.080590          33      2432           unlinkat
  0.01    0.078565          90       865       721 unlink
  0.01    0.052460          57       908           writev
  0.01    0.051966           6      7434        26 lseek
  0.01    0.045303         121       372           copy_file_range
  0.01    0.041524         141       294           socket
  0.01    0.039834          90       440           getsockname
  0.01    0.037653          15      2444           mmap
  0.01    0.033120         430        77           clone
  0.00    0.025670          57       448           setsockopt
  0.00    0.023179          70       330           fchmod
  0.00    0.022336          21      1057           fcntl
  0.00    0.021026          30       699           mprotect
  0.00    0.020758          68       305           rt_sigprocmask
  0.00    0.019083          58       329           munmap
  0.00    0.018326         143       128           recvmsg
  0.00    0.015758         246        64           sendmmsg
  0.00    0.015464          85       180           pread64
  0.00    0.013910          72       191           sigaltstack
  0.00    0.013252          45       289           chmod
  0.00    0.012929          42       306           flock
  0.00    0.010287          68       151           symlink
  0.00    0.010055         157        64           sendto
  0.00    0.008173          26       310       263 readlink
  0.00    0.008138           3      2437           rt_sigaction
  0.00    0.007586         118        64           bind
  0.00    0.006215          30       202           epoll_ctl
  0.00    0.004922          34       144           renameat2
  0.00    0.004843          62        77        77 clone3
  0.00    0.004781          83        57           prctl
  0.00    0.004523           7       636           brk
  0.00    0.004062          56        72           sched_getaffinity
  0.00    0.003186          35        91           gettid
  0.00    0.003138          40        78           rseq
  0.00    0.003087          49        62           shutdown
  0.00    0.002753          35        78           set_robust_list
  0.00    0.001922          24        80           getrandom
  0.00    0.001646          23        70           prlimit64
  0.00    0.001306          50        26           pipe2
  0.00    0.001211           9       132           sendfile
  0.00    0.001175           4       259           getcwd
  0.00    0.001122           4       260           getpid
  0.00    0.001066          16        64           getsockopt
  0.00    0.001019          15        64           getpeername
  0.00    0.000949          12        77           uname
  0.00    0.000781          55        14           execve
  0.00    0.000778           6       114           utimensat
  0.00    0.000442           5        74           listxattr
  0.00    0.000291          18        16           rmdir
  0.00    0.000164          13        12           pidfd_open
  0.00    0.000151           7        20           mremap
  0.00    0.000104           3        27           dup2
  0.00    0.000074           5        14           epoll_create1
  0.00    0.000068           4        14           arch_prctl
  0.00    0.000068           4        14           set_tid_address
  0.00    0.000063          31         2           open
  0.00    0.000043           3        12           chdir
  0.00    0.000029          29         1           socketpair
  0.00    0.000026          26         1         1 stat
  0.00    0.000025           1        13           sysinfo
  0.00    0.000022           1        14        14 access
  0.00    0.000021          21         1           eventfd2
------ ----------- ----------- --------- --------- ------------------
100.00  529.883607        2091    253299     15600 total
