% time     seconds  usecs/call     calls    errors syscall
------ ----------- ----------- --------- --------- ----------------
 64.75    6.588233        7099       928       304 futex
  8.65    0.879883          13     64214         3 lseek
  6.27    0.638118          16     39374     13661 newfstatat
  4.58    0.465512          35     13258           write
  4.28    0.435831          27     16134       148 openat
  2.68    0.272718          14     18270           read
  2.49    0.253493          15     16266           close
  2.40    0.243936          13     18358     18089 ioctl
  2.39    0.243246         158      1535        15 mkdir
  0.20    0.020592          52       390           unlinkat
  0.17    0.017433          65       268           fsync
  0.14    0.014707          20       706           getdents64
  0.14    0.014533          17       818           mmap
  0.14    0.013827          17       798           fcntl
  0.13    0.013131          23       565           munmap
  0.09    0.009571          36       264           rmdir
  0.09    0.008978          20       437           chmod
  0.09    0.008969           9       948           getpid
  0.09    0.008961          33       268           rename
  0.07    0.007398          13       548           umask
  0.07    0.006874        3437         2           wait4
  0.02    0.002276          11       193           rt_sigaction
  0.02    0.002022           7       270           getcwd
  0.01    0.001231          11       104           brk
  0.01    0.001020          17        58         7 readlink
  0.01    0.000821          16        50           mprotect
  0.00    0.000289          22        13        11 execve
  0.00    0.000185          16        11           rt_sigprocmask
  0.00    0.000182         182         1           clone
  0.00    0.000133          66         2           vfork
  0.00    0.000075          15         5           gettid
  0.00    0.000069          23         3           rseq
  0.00    0.000065           9         7           getrandom
  0.00    0.000056           9         6           uname
  0.00    0.000053          17         3           set_robust_list
  0.00    0.000042          10         4           pipe2
  0.00    0.000037           9         4           pread64
  0.00    0.000036          36         1           epoll_create1
  0.00    0.000036           9         4           close_range
  0.00    0.000029          29         1           unlink
  0.00    0.000028          28         1           madvise
  0.00    0.000022          22         1           mremap
  0.00    0.000020          20         1         1 clone3
  0.00    0.000018           9         2           arch_prctl
  0.00    0.000018           9         2           prlimit64
  0.00    0.000017           8         2           set_tid_address
  0.00    0.000007           3         2         2 access
  0.00    0.000000           0         4           dup2
  0.00    0.000000           0         1           socket
  0.00    0.000000           0         1           bind
  0.00    0.000000           0         1           sysinfo
  0.00    0.000000           0         1           geteuid
------ ----------- ----------- --------- --------- ----------------
100.00   10.174731          52    195108     32241 total
