% time     seconds  usecs/call     calls    errors syscall
------ ----------- ----------- --------- --------- ----------------
 70.02   13.307199        5556      2395       744 futex
  8.38    1.592689          13    114873     26475 newfstatat
  5.19    0.985468          12     77028         3 lseek
  3.55    0.674898          23     28948       148 openat
  3.22    0.612633          31     19706           write
  2.32    0.439972          14     30865           read
  2.15    0.408833          51      7941      5696 mkdir
  2.12    0.403068          13     29080           close
  1.64    0.311530          12     24927     24657 ioctl
  0.68    0.129291          19      6674           rename
  0.10    0.019711          50       390           unlinkat
  0.09    0.016609          20       798           fcntl
  0.09    0.016246          23       706           getdents64
  0.08    0.014747          17       828           mmap
  0.07    0.013921          51       268           fsync
  0.07    0.012888          22       577           munmap
  0.06    0.010823          40       264           rmdir
  0.05    0.008826           9       948           getpid
  0.04    0.007736          17       437           chmod
  0.03    0.005891          10       548           umask
  0.02    0.003759          10       344           brk
  0.01    0.002084           7       270           getcwd
  0.01    0.001930         965         2           wait4
  0.01    0.001226           6       193           rt_sigaction
  0.00    0.000929          18        50           mprotect
  0.00    0.000826          14        58         7 readlink
  0.00    0.000259         129         2           vfork
  0.00    0.000161          23         7           getrandom
  0.00    0.000125          11        11           rt_sigprocmask
  0.00    0.000118         118         1           clone
  0.00    0.000110          18         6           uname
  0.00    0.000063          15         4           pipe2
  0.00    0.000049           9         5           gettid
  0.00    0.000048          12         4           pread64
  0.00    0.000047          47         1           unlink
  0.00    0.000037          37         1           mremap
  0.00    0.000036          12         3           set_robust_list
  0.00    0.000035          11         3           rseq
  0.00    0.000023          23         1           epoll_create1
  0.00    0.000021          10         2           arch_prctl
  0.00    0.000021          21         1         1 clone3
  0.00    0.000020          20         1           socket
  0.00    0.000020          10         2           set_tid_address
  0.00    0.000020          10         2           prlimit64
  0.00    0.000015          15         1           bind
  0.00    0.000011          11         1           geteuid
  0.00    0.000006           6         1           madvise
  0.00    0.000000           0         2         2 access
  0.00    0.000000           0         4           dup2
  0.00    0.000000           0        13        11 execve
  0.00    0.000000           0         1           sysinfo
  0.00    0.000000           0         4           close_range
------ ----------- ----------- --------- --------- ----------------
100.00   19.004978          54    349202     57744 total
