% time     seconds  usecs/call     calls    errors syscall
------ ----------- ----------- --------- --------- ------------------
 77.37   12.595144      105841       119        16 futex
  7.46    1.213756         107     11299           linkat
  3.68    0.599451         412      1453       168 mkdir
  2.31    0.376669          95      3935       252 openat
  2.12    0.345842          93      3689           close
  1.89    0.307188          83      3673           getdents64
  1.21    0.197271          90      2169       401 statx
  0.88    0.143775          64      2221           read
  0.83    0.135389          73      1844           newfstatat
  0.43    0.069933          36      1908           write
  0.36    0.058282          24      2405      2405 ioctl
  0.29    0.046528         105       439       303 unlink
  0.21    0.033732         110       304           rename
  0.15    0.024724          92       268           copy_file_range
  0.14    0.023411         112       208           madvise
  0.14    0.022660         192       118           epoll_wait
  0.14    0.022566          72       310           lseek
  0.13    0.020471          69       293           sched_yield
  0.09    0.013968         103       135           fchmod
  0.04    0.006211          59       104           mmap
  0.02    0.003221         103        31           chmod
  0.02    0.002678          49        54           mprotect
  0.01    0.002262          46        49           rt_sigprocmask
  0.01    0.002230         171        13           clone
  0.01    0.001534         127        12           flock
  0.01    0.001329         221         6           unlinkat
  0.01    0.001202          31        38           sigaltstack
  0.01    0.001112          20        54        46 readlink
  0.01    0.001065          76        14           fcntl
  0.01    0.000899          39        23           munmap
  0.00    0.000749          57        13        13 clone3
  0.00    0.000556          26        21           sched_getaffinity
  0.00    0.000549          49        11           getrandom
  0.00    0.000544          77         7           prctl
  0.00    0.000467          33        14           rseq
  0.00    0.000309          22        14           gettid
  0.00    0.000228          38         6           rt_sigaction
  0.00    0.000221          15        14           set_robust_list
  0.00    0.000083          27         3           getcwd
  0.00    0.000058          29         2           open
  0.00    0.000057          28         2           epoll_ctl
  0.00    0.000053          17         3           brk
  0.00    0.000053          17         3           prlimit64
  0.00    0.000038          19         2           pread64
  0.00    0.000037          18         2           uname
  0.00    0.000032          32         1           renameat2
  0.00    0.000031          31         1           socketpair
  0.00    0.000019          19         1           poll
  0.00    0.000018          18         1           arch_prctl
  0.00    0.000017          17         1           set_tid_address
  0.00    0.000015          15         1           eventfd2
  0.00    0.000015          15         1           epoll_create1
  0.00    0.000000           0         1         1 access
  0.00    0.000000           0         1           execve
------ ----------- ----------- --------- --------- ------------------
100.00   16.278652         436     37314      3605 total
